The results from running a degree 1 polynominal with lamda = 0.000100 
MSE_average:        [ 522022.09800942 2177144.93019681  693753.6571687   384725.47716253
 2110088.48277395] 
R2_score_average:   [-2288.15063318 -1948.32040386 -2237.2568587  -1623.70564968
 -2017.78930272] 
Bias_average:       [ 228.63360143 1117.38805956  309.952658    239.10210643 1045.5905646 ] 
Variance_average:   [119.38113057 334.04189391 152.54978011  17.38154501 361.13509058] 
Min_MSE_value:      [342892.0668015418, 2168519.107456854, 476349.898612642, 367980.63617200125, 1956100.2778806016] 
R2_for_Min_MSE_value:       [-1502.636713509825, -1940.5972192294685, -1535.8472896573123, -1552.9917526950899, -1870.4638501014053] 
The_best_beta_parameters:   [array([72.0791045 ,  1.66920464, -0.43489063]), array([190.2916416 ,  54.02319374, -28.44551181]), array([121.74454575,   4.54278416,  -4.55544545]), array([29.35259024, -5.32299182,  8.38057044]), array([109.99020898, -27.61254151, -47.65439904])] 
Confidence_intervall:   [[-93.28738193046027, 142.16299426928273], [-45.636106556630025, 189.5489889065558], [-77.76687107433906, 158.9214607091973], [-108.22269428816048, 129.82947352603082], [-108.02106158024978, 131.16990719893727]] 

The results from running a degree 1 polynominal with lamda = 0.001000 
MSE_average:        [ 521807.08247861 2177012.16007026  693658.99201652  384662.25562014
 2109751.88017352] 
R2_score_average:   [-2287.20775559 -1948.20152729 -2236.95144059 -1623.43866347
 -2017.46726422] 
Bias_average:       [ 228.63540691 1117.38701701  309.95265667  239.0983054  1045.58964045] 
Variance_average:   [119.23598141 333.95442304 152.48667135  17.34319834 360.911613  ] 
Min_MSE_value:      [342887.47350381856, 2168408.574215263, 476331.8737477994, 367952.841406594, 1955802.479061215] 
R2_for_Min_MSE_value:       [-1502.6165711625345, -1940.4982525965402, -1535.7891360505612, -1552.8743746812345, -1870.1789364232127] 
The_best_beta_parameters:   [array([72.07797236,  1.66397256, -0.42572942]), array([190.29049818,  54.01914228, -28.4381896 ]), array([121.84937972,   4.37949813,  -4.52909876]), array([29.3481118 , -5.30935507,  8.37632935]), array([109.97384488, -27.5976239 , -47.63884485])] 
Confidence_intervall:   [[-93.25484699806104, 142.13232399739292], [-45.60426340747067, 189.51856397896626], [-77.74603617054774, 158.8792222321327], [-108.18920630881817, 129.7992636911819], [-107.98430773636014, 131.1425584876915]] 

The results from running a degree 1 polynominal with lamda = 0.010000 
MSE_average:        [ 519676.10285099 2175457.05954119  692927.59562664  384034.22891972
 2106374.99240174] 
R2_score_average:   [-2277.86306811 -1946.80915826 -2234.59173702 -1620.78649046
 -2014.23648742] 
Bias_average:       [ 228.65319944 1117.39178578  309.95270205  239.06031208 1045.58003185] 
Variance_average:   [117.79753579 332.91292058 151.99902837  16.9625072  358.66996308] 
Min_MSE_value:      [342856.1652209208, 2166851.6984316353, 476420.67087850766, 367678.86620095186, 1952827.9756751587] 
R2_for_Min_MSE_value:       [-1502.4792793201157, -1939.1042940735172, -1536.0756221609936, -1551.7173702952437, -1867.3331336686422] 
The_best_beta_parameters:   [array([71.9652779 ,  1.606738  , -0.15853898]), array([190.25822223,  53.96211042, -28.32206381]), array([120.66559534,   6.17111431,  -5.38210543]), array([29.30296535, -5.17294994,  8.33437432]), array([109.81000262, -27.44820755, -47.48318485])] 
Confidence_intervall:   [[-92.90821844953865, 141.85053639752547], [-45.28533710010498, 189.21751632823523], [-77.51277010840994, 158.48250625301438], [-107.85518468270583, 129.49811117028935], [-107.61803873581101, 130.8704455523132]] 

The results from running a degree 1 polynominal with lamda = 0.100000 
MSE_average:        [ 499271.49962919 2158886.12601074  686541.26241605  378147.32719688
 2073248.54648727] 
R2_score_average:   [-2188.38561004 -1931.97226872 -2213.98751539 -1595.92595208
 -1982.54335455] 
Bias_average:       [ 228.83890048 1117.56663902  309.9636786   238.70150615 1045.49253766] 
Variance_average:   [104.00876594 321.69077832 147.73049634  13.39671198 336.67316   ] 
Min_MSE_value:      [342770.935247271, 2149117.4280172796, 475902.6652104877, 365076.37578999455, 1923791.678748613] 
R2_for_Min_MSE_value:       [-1502.1055322145999, -1923.2258035390448, -1534.404380896448, -1540.7269859175033, -1839.5531774704264] 
The_best_beta_parameters:   [array([71.97185061,  1.47213178,  0.        ]), array([189.69263405,  53.35011475, -26.77386833]), array([124.94115945,   0.        ,  -6.30552591]), array([30.50584519, -5.46368782,  6.90708256]), array([108.17331846, -25.95179545, -45.930783  ])] 
Confidence_intervall:   [[-89.78194405006666, 138.74459898177173], [-42.08620673739259, 186.26546038361982], [-75.33465263226506, 154.42507499143653], [-104.88857199296692, 126.18806527798435], [-103.98173487193074, 128.17556154478666]] 

The results from running a degree 1 polynominal with lamda = 1.000000 
MSE_average:        [ 369634.86298132 2031064.82306429  632080.98425462  355774.28963998
 1804118.36048248] 
R2_score_average:   [-1619.90816436 -1817.52666134 -2038.28236434 -1501.4440353
 -1725.05787706] 
Bias_average:       [ 231.88281646 1120.71130493  311.1175282   236.85424308 1045.28593515] 
Variance_average:   [ 14.54042552 233.33191045 110.26979464   0.32861668 157.45963851] 
Min_MSE_value:      [342216.61840816337, 2011244.8496313842, 475566.71726530604, 355211.36000000016, 1701775.4134300486] 
R2_for_Min_MSE_value:       [-1499.6747639615646, -1799.7807234926945, -1533.320512314714, -1499.0667688546346, -1627.1430984082235] 
The_best_beta_parameters:   [array([72.93171429,  0.        ,  0.        ]), array([184.03675218,  47.23015808, -11.29191352]), array([122.45971429,   0.        ,  -0.        ]), array([31.248, -0.   ,  0.   ]), array([ 91.91619017, -10.96914614, -30.58103893])] 
Confidence_intervall:   [[-59.09596377841633, 107.7171066355592], [-10.41003136803144, 157.0600291952283], [-43.19624894277769, 124.83605846658722], [-74.08690295232302, 94.91890295232301], [-68.05640123884714, 101.63373797140832]] 

The results from running a degree 1 polynominal with lamda = 10.000000 
MSE_average:        [ 526868.22983673 1876918.8         632111.89763265  471124.35020408
 1690189.71281633] 
R2_score_average:   [-2309.40169857 -1679.51105027 -2038.38210015 -1988.5703272
 -1616.05868718] 
Bias_average:       [ 351.24548656 1251.2792      421.40793176  314.08290014 1126.79314188] 
Variance_average:   [2.01948392e-28 3.23117427e-27 8.07793567e-28 5.04870979e-29
 0.00000000e+00] 
Min_MSE_value:      [441494.01126530615, 1808729.0990713802, 481884.5099183668, 387090.8244897959, 1602513.749061223] 
R2_for_Min_MSE_value:       [-1935.022055935911, -1618.4569727425317, -1553.7036016021304, -1633.6945726783183, -1532.1762816924524] 
The_best_beta_parameters:   [array([65.11028571,  0.        ,  0.        ]), array([193.7199427 ,   7.13132187,  -0.        ]), array([116.43457143,   0.        ,   0.        ]), array([26.73942857,  0.        ,  0.        ]), array([65.76457143,  0.        ,  0.        ])] 
Confidence_intervall:   [[-36.89430835499171, 80.30116549784886], [7.941889227512021, 125.95895381658839], [-20.31714929431311, 97.94019691336074], [-50.13687303522493, 67.96315874951064], [-37.28014965153275, 81.12319727058038]] 

