The results from running a degree 1 polynominal with lamda = 0.000100 
MSE_average:        [102.85207189 819.62838828 148.56032753 223.22588931 785.90153419] 
R2_score_average:   [0.54897717 0.29364448 0.51013481 0.06693537 0.2899747 ] 
Bias_average:       [ 228.63340133 1161.088691    303.29220171  240.51019268 1106.91529003] 
Variance_average:   [119.39725608 304.07184706 142.60058725  17.98822852 327.51843337] 
Min_MSE_value:      [102.4123803390029, 815.6706944456495, 148.25119623814786, 221.17443547172743, 784.9668051012313] 
R2_for_Min_MSE_value:       [0.5509052850593272, 0.29705521680525926, 0.5111541474817645, 0.07551026578669362, 0.2908191806549172] 
The_best_beta_parameters:   [array([[ 99.07650466],
       [-22.87416207],
       [-29.73890196]]), array([[191.35843907],
       [ 57.07028031],
       [-28.58773241]]), array([[95.15090119],
       [42.00417837],
       [ 5.46754996]]), array([[ 36.33829757],
       [-13.28674498],
       [  4.12356649]]), array([[112.6430015 ],
       [-29.08958057],
       [-54.54786602]])] 
Confidence_intervall:   [[-102.24088423119818, 133.21651131423985], [-44.315670546340755, 190.87632852620527], [-70.8041909888482, 165.88594400034128], [-109.33832746988179, 127.45507352452319], [-108.49336634648006, 127.8304029532265]] 

The results from running a degree 1 polynominal with lamda = 0.001000 
MSE_average:        [102.85207189 819.62838828 148.56032753 223.22588931 785.90153419] 
R2_score_average:   [0.54897717 0.29364448 0.51013481 0.06693537 0.2899747 ] 
Bias_average:       [ 228.63340133 1161.088691    303.29220171  240.51019268 1106.91529003] 
Variance_average:   [119.39725608 304.07184706 142.60058725  17.98822852 327.51843337] 
Min_MSE_value:      [102.4123803390029, 815.6706944456495, 148.25119623814786, 221.17443547172743, 784.9668051012313] 
R2_for_Min_MSE_value:       [0.5509052850593272, 0.29705521680525926, 0.5111541474817645, 0.07551026578669362, 0.2908191806549172] 
The_best_beta_parameters:   [array([[ 99.07650466],
       [-22.87416207],
       [-29.73890196]]), array([[191.35843907],
       [ 57.07028031],
       [-28.58773241]]), array([[95.15090119],
       [42.00417837],
       [ 5.46754996]]), array([[ 36.33829757],
       [-13.28674498],
       [  4.12356649]]), array([[112.6430015 ],
       [-29.08958057],
       [-54.54786602]])] 
Confidence_intervall:   [[-102.24088423119818, 133.21651131423985], [-44.315670546340755, 190.87632852620527], [-70.8041909888482, 165.88594400034128], [-109.33832746988179, 127.45507352452319], [-108.49336634648006, 127.8304029532265]] 

The results from running a degree 1 polynominal with lamda = 0.010000 
MSE_average:        [102.85207189 819.62838828 148.56032753 223.22588931 785.90153419] 
R2_score_average:   [0.54897717 0.29364448 0.51013481 0.06693537 0.2899747 ] 
Bias_average:       [ 228.63340133 1161.088691    303.29220171  240.51019268 1106.91529003] 
Variance_average:   [119.39725608 304.07184706 142.60058725  17.98822852 327.51843337] 
Min_MSE_value:      [102.4123803390029, 815.6706944456495, 148.25119623814786, 221.17443547172743, 784.9668051012313] 
R2_for_Min_MSE_value:       [0.5509052850593272, 0.29705521680525926, 0.5111541474817645, 0.07551026578669362, 0.2908191806549172] 
The_best_beta_parameters:   [array([[ 99.07650466],
       [-22.87416207],
       [-29.73890196]]), array([[191.35843907],
       [ 57.07028031],
       [-28.58773241]]), array([[95.15090119],
       [42.00417837],
       [ 5.46754996]]), array([[ 36.33829757],
       [-13.28674498],
       [  4.12356649]]), array([[112.6430015 ],
       [-29.08958057],
       [-54.54786602]])] 
Confidence_intervall:   [[-102.24088423119818, 133.21651131423985], [-44.315670546340755, 190.87632852620527], [-70.8041909888482, 165.88594400034128], [-109.33832746988179, 127.45507352452319], [-108.49336634648006, 127.8304029532265]] 

The results from running a degree 1 polynominal with lamda = 0.100000 
MSE_average:        [102.85207189 819.62838828 148.56032753 223.22588931 785.90153419] 
R2_score_average:   [0.54897717 0.29364448 0.51013481 0.06693537 0.2899747 ] 
Bias_average:       [ 228.63340133 1161.088691    303.29220171  240.51019268 1106.91529003] 
Variance_average:   [119.39725608 304.07184706 142.60058725  17.98822852 327.51843337] 
Min_MSE_value:      [102.4123803390029, 815.6706944456495, 148.25119623814786, 221.17443547172743, 784.9668051012313] 
R2_for_Min_MSE_value:       [0.5509052850593272, 0.29705521680525926, 0.5111541474817645, 0.07551026578669362, 0.2908191806549172] 
The_best_beta_parameters:   [array([[ 99.07650466],
       [-22.87416207],
       [-29.73890196]]), array([[191.35843907],
       [ 57.07028031],
       [-28.58773241]]), array([[95.15090119],
       [42.00417837],
       [ 5.46754996]]), array([[ 36.33829757],
       [-13.28674498],
       [  4.12356649]]), array([[112.6430015 ],
       [-29.08958057],
       [-54.54786602]])] 
Confidence_intervall:   [[-102.24088423119818, 133.21651131423985], [-44.315670546340755, 190.87632852620527], [-70.8041909888482, 165.88594400034128], [-109.33832746988179, 127.45507352452319], [-108.49336634648006, 127.8304029532265]] 

The results from running a degree 1 polynominal with lamda = 1.000000 
MSE_average:        [102.85207189 819.62838828 148.56032753 223.22588931 785.90153419] 
R2_score_average:   [0.54897717 0.29364448 0.51013481 0.06693537 0.2899747 ] 
Bias_average:       [ 228.63340133 1161.088691    303.29220171  240.51019268 1106.91529003] 
Variance_average:   [119.39725608 304.07184706 142.60058725  17.98822852 327.51843337] 
Min_MSE_value:      [102.4123803390029, 815.6706944456495, 148.25119623814786, 221.17443547172743, 784.9668051012313] 
R2_for_Min_MSE_value:       [0.5509052850593272, 0.29705521680525926, 0.5111541474817645, 0.07551026578669362, 0.2908191806549172] 
The_best_beta_parameters:   [array([[ 99.07650466],
       [-22.87416207],
       [-29.73890196]]), array([[191.35843907],
       [ 57.07028031],
       [-28.58773241]]), array([[95.15090119],
       [42.00417837],
       [ 5.46754996]]), array([[ 36.33829757],
       [-13.28674498],
       [  4.12356649]]), array([[112.6430015 ],
       [-29.08958057],
       [-54.54786602]])] 
Confidence_intervall:   [[-102.24088423119818, 133.21651131423985], [-44.315670546340755, 190.87632852620527], [-70.8041909888482, 165.88594400034128], [-109.33832746988179, 127.45507352452319], [-108.49336634648006, 127.8304029532265]] 

The results from running a degree 1 polynominal with lamda = 10.000000 
MSE_average:        [102.85207189 819.62838828 148.56032753 223.22588931 785.90153419] 
R2_score_average:   [0.54897717 0.29364448 0.51013481 0.06693537 0.2899747 ] 
Bias_average:       [ 228.63340133 1161.088691    303.29220171  240.51019268 1106.91529003] 
Variance_average:   [119.39725608 304.07184706 142.60058725  17.98822852 327.51843337] 
Min_MSE_value:      [102.4123803390029, 815.6706944456495, 148.25119623814786, 221.17443547172743, 784.9668051012313] 
R2_for_Min_MSE_value:       [0.5509052850593272, 0.29705521680525926, 0.5111541474817645, 0.07551026578669362, 0.2908191806549172] 
The_best_beta_parameters:   [array([[ 99.07650466],
       [-22.87416207],
       [-29.73890196]]), array([[191.35843907],
       [ 57.07028031],
       [-28.58773241]]), array([[95.15090119],
       [42.00417837],
       [ 5.46754996]]), array([[ 36.33829757],
       [-13.28674498],
       [  4.12356649]]), array([[112.6430015 ],
       [-29.08958057],
       [-54.54786602]])] 
Confidence_intervall:   [[-102.24088423119818, 133.21651131423985], [-44.315670546340755, 190.87632852620527], [-70.8041909888482, 165.88594400034128], [-109.33832746988179, 127.45507352452319], [-108.49336634648006, 127.8304029532265]] 

