The results from running a degree 1 polynominal with lamda = 0.000100 
MSE_average:        [102.85208302 819.62843753 148.56032423 223.22589142 785.90152593] 
R2_score_average:   [0.54897712 0.29364443 0.51013482 0.06693536 0.2899747 ] 
Bias_average:       [ 228.6334061  1161.08870082  303.29220089  240.51019079 1106.91529135] 
Variance_average:   [119.3970268  304.07182041 142.60061336  17.98821291 327.51793723] 
Min_MSE_value:      [102.412387952559, 815.6707099769677, 148.25119591253366, 221.1744350074133, 784.9667960718003] 
R2_for_Min_MSE_value:       [0.5509052516726625, 0.2970552034203734, 0.51115414855545, 0.07551026772748592, 0.29081918881258595] 
The_best_beta_parameters:   [array([[ 99.0764762 ],
       [-22.87413869],
       [-29.73887413]]), array([[191.35840449],
       [ 57.07029273],
       [-28.58768831]]), array([[95.15089053],
       [42.00418084],
       [ 5.46756355]]), array([[ 36.33828936],
       [-13.28673433],
       [  4.12356983]]), array([[112.64296566],
       [-29.08955359],
       [-54.54782683]])] 
Confidence_intervall:   [[-102.24082576629824, 133.2164680181477], [-44.31561329967849, 190.87628590635282], [-70.80413809615385, 165.88589471447585], [-109.33827405516067, 127.45502395684983], [-108.49330383265698, 127.83036065981318]] 

The results from running a degree 1 polynominal with lamda = 0.001000 
MSE_average:        [102.85218315 819.62888076 148.56029461 223.22591038 785.90145158] 
R2_score_average:   [0.54897668 0.29364405 0.51013492 0.06693528 0.28997477] 
Bias_average:       [ 228.63344911 1161.08878922  303.2921935   240.51017372 1106.91530321] 
Variance_average:   [119.39496326 304.07158055 142.60084833  17.98807243 327.51347205] 
Min_MSE_value:      [102.41245648516933, 815.6708497776177, 148.25119298410777, 221.17443082966778, 784.9667148256613] 
R2_for_Min_MSE_value:       [0.5509049511461733, 0.2970550829402111, 0.5111541582116881, 0.0755102851900955, 0.29081926221467536] 
The_best_beta_parameters:   [array([[ 99.07622006],
       [-22.87392829],
       [-29.73862361]]), array([[191.35809327],
       [ 57.07040457],
       [-28.58729147]]), array([[95.15079464],
       [42.00420313],
       [ 5.46768585]]), array([[ 36.3382155 ],
       [-13.28663851],
       [  4.1235998 ]]), array([[112.64264309],
       [-29.08931078],
       [-54.54747409]])] 
Confidence_intervall:   [[-102.24029958491569, 133.216078355281], [-44.31509808240921, 190.8759023295399], [-70.80366206439535, 165.88545114391877], [-109.33779332515644, 127.4545778500939], [-108.49274121122208, 127.82998002108037]] 

The results from running a degree 1 polynominal with lamda = 0.010000 
MSE_average:        [102.85318546 819.63331439 148.55999859 223.22610006 785.90070993] 
R2_score_average:   [0.54897228 0.29364023 0.5101359  0.06693449 0.28997544] 
Bias_average:       [ 228.63387925 1161.08967343  303.29211961  240.51000304 1106.91542191] 
Variance_average:   [119.37432997 304.06918299 142.603198    17.98666777 327.46882426] 
Min_MSE_value:      [102.41314286141842, 815.6722496444092, 148.25116390791774, 221.17438915925854, 784.9659042193837] 
R2_for_Min_MSE_value:       [0.5509019412762249, 0.29705387653538995, 0.5111542540879795, 0.07551045936875012, 0.29081999455955965] 
The_best_beta_parameters:   [array([[ 99.07365882],
       [-22.87182436],
       [-29.73611864]]), array([[191.35498123],
       [ 57.07152287],
       [-28.58332324]]), array([[95.14983575],
       [42.00442595],
       [ 5.4689088 ]]), array([[ 36.33747692],
       [-13.28568036],
       [  4.12389955]]), array([[112.63941757],
       [-29.08688289],
       [-54.54394687]])] 
Confidence_intervall:   [[-102.23503804051512, 133.21218192102623], [-44.3099461759702, 190.8720667447929], [-70.79890199320482, 165.8810156592034], [-109.33298627143515, 127.45011701087572], [-108.48711529163258, 127.82617383071268]] 

The results from running a degree 1 polynominal with lamda = 0.100000 
MSE_average:        [102.86331142 819.67778525 148.55706133 223.22800311 785.89347686] 
R2_score_average:   [0.54892788 0.29360191 0.51014558 0.06692653 0.28998198] 
Bias_average:       [ 228.63818794 1161.09854355  303.29138695  240.50829719 1106.9166161 ] 
Variance_average:   [119.16820236 304.04531223 142.62668996  17.97263359 327.02274555] 
Min_MSE_value:      [102.42011152988935, 815.6864341713047, 148.25089393787624, 221.17398315016047, 784.9579834809068] 
R2_for_Min_MSE_value:       [0.5508713825471914, 0.2970416523139595, 0.5111551442914885, 0.07551215645115628, 0.29082715057656094] 
The_best_beta_parameters:   [array([[ 99.04805915],
       [-22.85079598],
       [-29.71108194]]), array([[191.32387576],
       [ 57.08269747],
       [-28.54365998]]), array([[95.14025114],
       [42.00665161],
       [ 5.48113272]]), array([[ 36.33009441],
       [-13.2761032 ],
       [  4.12689542]]), array([[112.60717846],
       [-29.06261666],
       [-54.50869271]])] 
Confidence_intervall:   [[-102.18244952457174, 133.17323700942924], [-44.25845372345427, 190.83372922651597], [-70.75132590792072, 165.83668288603886], [-109.28494035342088, 127.40553144052878], [-108.4308855554806, 127.78813161186822]] 

The results from running a degree 1 polynominal with lamda = 1.000000 
MSE_average:        [102.97474778 820.13582129 148.5299706  223.24765273 785.83930395] 
R2_score_average:   [0.54843921 0.29320717 0.51023491 0.0668444  0.29003092] 
Bias_average:       [ 228.68199734 1161.19003196  303.2846821   240.49132677 1106.92927382] 
Variance_average:   [117.12730572 303.81698925 142.86113369  17.83352759 322.6015899 ] 
Min_MSE_value:      [102.50018124911985, 815.8466966790622, 148.25025849228638, 221.17098313671315, 784.8971226972918] 
R2_for_Min_MSE_value:       [0.5505202639850197, 0.29690353812825077, 0.5111572396198837, 0.07552469624414204, 0.2908821354499461] 
The_best_beta_parameters:   [array([[ 98.79332764],
       [-22.64159499],
       [-29.46201614]]), array([[191.01431102],
       [ 57.19361343],
       [-28.14892312]]), array([[95.04483271],
       [42.02865379],
       [ 5.60281776]]), array([[ 36.25659497],
       [-13.18076899],
       [  4.15669751]]), array([[112.28638432],
       [-28.82121899],
       [-54.15794221]])] 
Confidence_intervall:   [[-101.65924337595439, 132.78572105298804], [-43.74617686699348, 190.4521777484308], [-70.27801505485144, 165.3955512298482], [-108.8069303966488, 126.96194606077495], [-107.87151872235309, 127.40966746856681]] 

The results from running a degree 1 polynominal with lamda = 10.000000 
MSE_average:        [105.00903591 825.93612193 148.47179718 223.50049821 786.94308152] 
R2_score_average:   [0.53951853 0.28820847 0.51042673 0.06578753 0.28903371] 
Bias_average:       [ 229.18800328 1162.37416068  303.2786283   240.33015282 1107.12335183] 
Variance_average:   [ 98.60938876 302.47849377 145.1558941   16.557999   282.07920141] 
Min_MSE_value:      [102.26392508350041, 815.6248848486412, 148.29034393470414, 221.21582798705901, 785.9507192616767] 
R2_for_Min_MSE_value:       [0.5515562851672305, 0.2970946955035335, 0.5110250612444674, 0.07533724870442682, 0.2899302601987459] 
The_best_beta_parameters:   [array([[100.48197947],
       [-24.28291514],
       [-30.64889392]]), array([[194.1412895 ],
       [ 54.72744626],
       [-30.91563758]]), array([[95.46550098],
       [41.31680129],
       [ 5.41765743]]), array([[ 35.99728197],
       [-13.51666911],
       [  3.76134413]]), array([[109.23034417],
       [-26.52747145],
       [-50.82083743]])] 
Confidence_intervall:   [[-97.70480606720848, 128.0715863425219], [-40.19175595207527, 185.49382141302846], [-66.08548419766926, 160.88545732336928], [-104.75344968563044, 122.24808768036962], [-102.55623092759069, 123.81092111838191]] 

